{
    "description": "Historically calibrated correlation matrix for Asia-Pacific macro stress transmission",
    "source": "Calibrated from historical conflict and supply shock episodes 2000 to 2024",
    "variables": [
      "hormuz_disruption_days",
      "brent_crude_pct_change",
      "cny_usd_pct_change",
      "sgd_usd_pct_change",
      "idr_usd_pct_change",
      "ust_10yr_yield_change_bps",
      "em_credit_spread_change_bps",
      "asia_equity_pct_change"
    ],
    "matrix": [
      [1.00,  0.72, -0.18, -0.12, -0.35,  0.28,  0.45, -0.38],
      [0.72,  1.00, -0.22, -0.15, -0.42,  0.35,  0.52, -0.48],
      [-0.18, -0.22,  1.00,  0.68,  0.45, -0.15, -0.28,  0.35],
      [-0.12, -0.15,  0.68,  1.00,  0.38, -0.10, -0.22,  0.28],
      [-0.35, -0.42,  0.45,  0.38,  1.00, -0.08, -0.45,  0.22],
      [0.28,  0.35, -0.15, -0.10, -0.08,  1.00,  0.58, -0.32],
      [0.45,  0.52, -0.28, -0.22, -0.45,  0.58,  1.00, -0.62],
      [-0.38, -0.48,  0.35,  0.28,  0.22, -0.32, -0.62,  1.00]
    ],
    "notes": {
      "hormuz_disruption_days": "Primary stochastic variable. Drives all downstream transmission paths.",
      "brent_crude_pct_change": "Strong positive correlation with disruption duration. Oil price is the primary transmission channel.",
      "cny_usd_pct_change": "Mild negative correlation - CNY weakens moderately under oil shock via trade balance pressure.",
      "sgd_usd_pct_change": "Mild negative correlation - SGD is relatively stable given reserve adequacy.",
      "idr_usd_pct_change": "Stronger negative correlation - IDR more vulnerable to commodity shock and current account pressure.",
      "ust_10yr_yield_change_bps": "Positive correlation - oil shock drives inflation expectations and yield curve steepening.",
      "em_credit_spread_change_bps": "Positive correlation - risk-off environment widens EM credit spreads significantly.",
      "asia_equity_pct_change": "Negative correlation - equity markets sell off under combined oil, yield, and credit spread pressure."
    }
  }